34560
92224
56823
99628
37083
06366
63934
63679
78588
87437
55494
86476
52385
19258
35683
38879
06449
85560
09122
26197
38700
17322
08233
24326
06712
96157
97318
97996
08527
67808
63796
68259
23730
06268
35792
36433
97453
36129
15907
79215
85445
76534
26409
31582
12099
38723
64850
47608
64720
97258
66709
23829
59755
27726
97450
19399
99100
27211
15374
55127
79868
86655
49191
59889
49624
04916
17039
29614
04758
09496
36039
79853
16866
89568
18119
83088
86972
83552
66115
31675
86756
66131
79618
73529
91459
72458
89312
98617
01773
63071
14913
82407
48268
25917
24159
95030
04862
92421
84094
52388
60323
85077
54296
38116
59955
83339
02689
06556
09548
06406
51580
01326
39579
85072
98559
79379
66706
15898
91322
77797
96358
94351
26548
14641
91781
24398
16775
57080
56410
97074
94267
15837
36205
39365
89407
24229
24803
91224
27637
80637
23560
79108
25451
79312
16909
98724
92637
13125
17258
29303
84066
23946
56626
72469
94143
45133
53534
39638
64287
83308
06721
37412
51061
95686
06800
39307
76287
18299
09326
87561
65529
53842
90475
88048
37327
25551
54646
01665
98599
83607
18190
31061
96486
38704
01683
54597
66636
75228
72488
78224
73667
90427
31515
74343
82383
74592
37186
35099
07427
65207
26721
34626
72525
99817
78464
82541
28199
06493
82467
70376
23883
07907
01219
91555
01744
14473
99092
94501
01855
32369
93449
07546
73274
83242
53919
42897
83313
26434
73479
26757
59457
12203
97645
79256
85354
21729
08115
48683
09484
29439
54531
77709
91154
07819
99880
18565
94163
16259
96050
34477
78050
97816
95643
17489
56355
19376
77933
94526
02977
22335
53229
35435
15848
16278
70794
21720
74182
95632
85250
53819
01994
87700
24806
94252
23999
84177
33739
65366
42329
88630
88138
72250
67663
27570
03044
94227
72379
04288
24878
08309
24837
54411
21403
96317
39291
88299
19059
75417
08280
71577
59929
07356
94081
15537
91746
95100
35315
49808
47918
18581
91541
14827
25704
87466
91096
97843
66539
84326
03253
38899
71272
34630
49594
97896
07957
15328
34414
57612
99974
95500
59348
38855
58513
17389
21147
06628
97657
99427
88471
98634
36142
04435
92526
59320
21224
83451
30890
92342
32676
24960
68753
24634
17373
98693
66802
24321
85092
78187
98669
63584
47533
16816
84359
53547
27472
55234
82041
83024
53925
52525
25856
89188
49716
72555
12679
27432
66954
25826
46325
29379
38442
82481
29225
92245
78628
47199
93489
14789
59558
55483
26892
07745
74653
79793
86444
75387
74915
24790
56865
18465
39615
65594
89558
06484
36304
77866
86609
37269
92331
84453
36381
67433
93057
49356
95514
31789
18556
37194
85095
29328
45731
26169
23769
17449
25992
17192
18442
29525
58285
04617
57368
44803
60549
30669
01109
27498
02763
39116
84036
06886
02828
75031
86836
18356
74613
07387
38836
12529
67547
24392
58540
64743
17291
40489
54294
38350
55743
86633
72336
86929
52074
16792
17166
48432
34270
82216
19309
13405
89160

